##TEST2

k <- 1+1
d <- 2+2

##DONE